100
135 4809 43
2826 4445 3359 3815 1936 1838 103 1953 2145 3922 708 4447 4805 3404 2308 2235 436 4496 22 766 1619 624 2922 1268 2310 987 4695 710 3727 4042 4795 4034 48 10 3504 3693 2963 2382 3841 2608 583 1802 2489 1476 4313 3325 2344 3900 4526 1372 3783 821 2199 4537 4170 2357 1958 1918 1127 3560 1238 4535 4217 1889 4288 1469 3565 4063 3461 3197 1482 1582 873 12 511 3220 4466 14 4219 2908 517 4562 147 1822 3437 2933 2109 3650 3236 170 1313 3710 4622 3551 1118 4195 358 655 3713 4013 945 3234 4528 2872 2500 1513 944 3986 4807 4310 4343 1086 584 1608 3048 4806 476 4043 1408 1224 3722 4162 317 57 696 837 2919 2584 2325 4451 825 2537 1690 4758 3206
60 286 879
18 89 56 68 146 226 74 118 7 62 243 284 198 8 149 50 201 63 262 157 184 133 138 23 192 187 195 214 20 99 207 5 74 244 128 133 96 230 125 174 237 154 55 127 158 61 143 13 208 40 120 174 64 24 133 48 12 265 259 183
198 5932 645
5097 559 1857 359 2410 280 3760 4550 203 375 2879 3092 4385 5662 5341 5253 3114 3253 5878 5048 2178 3697 3652 5053 4903 4892 2847 5902 4133 3643 483 2596 1211 2087 1320 4255 3363 976 4226 4862 1382 4519 3355 2823 5584 4672 465 549 1076 2178 2438 1774 1891 913 2911 5282 1413 1590 4575 875 2053 4003 4975 4576 1510 2784 4933 4033 3149 1730 4338 5584 301 4248 251 98 2131 1580 4780 1484 937 4822 2453 2511 1654 4159 4474 284 3812 4963 4553 4763 3980 343 3054 1974 4323 44 4562 3165 1155 3237 1353 5472 3361 5120 5214 5447 307 61 2265 2668 5670 5898 5602 5755 2951 4588 3762 5748 249 4885 4676 4639 2049 2267 1697 5919 1689 3303 1985 3688 1295 1163 573 3944 2690 4649 2125 5756 618 1000 2578 4179 4039 1175 926 7 4987 5206 2150 4966 3481 4842 2197 5331 569 509 395 2409 1365 55 3267 2996 115 4054 4102 516 994 5291 1777 4042 2708 1544 3654 4476 1406 2610 1093 52 3163 2089 2708 2074 5020 1705 2485 1096 2531 1741 5720 1242 5033 2139 2876 1018 2664 3784
84 9048 301
6835 1171 7634 6897 3724 1919 3817 105 6194 4727 7273 3750 726 3317 933 291 2530 2919 8367 4166 5328 997 7103 1981 4507 654 5371 4113 7199 6279 477 6801 2566 7820 7940 5718 699 1244 7630 8088 7576 3408 2909 3186 7033 5012 2061 8265 185 5492 2378 4448 2789 1749 7477 7588 5369 8836 7336 1280 1941 2745 470 7950 6955 302 5689 1163 499 2409 172 7557 3158 6799 1014 3718 175 5021 7820 8042 685 4807 5822 7520
196 5411 449
3419 3891 52 3281 633 112 3198 375 2734 965 175 2124 3573 4311 3151 2301 5304 1384 823 659 160 3829 5144 2467 588 3340 3948 1379 1552 949 1189 2988 4914 4898 3233 531 5210 5334 5212 3547 3848 2938 4644 1490 61 2709 1724 4518 4417 2903 4189 3202 941 4165 3231 3350 2427 4672 3810 4817 5135 4710 5110 3748 566 4329 2268 2937 3514 3653 2710 2540 3810 1447 3659 2003 4848 4784 297 1354 1046 4707 1418 2350 3736 4907 3752 2323 4677 2093 1748 4838 3377 2210 4286 101 5190 1987 283 4010 3464 2799 1437 2367 277 4054 4084 1986 4332 751 5373 3823 3905 1954 2769 170 3155 5398 787 3005 3489 5205 1758 4746 4032 4650 4578 5067 4732 5380 415 385 2202 2152 3301 1847 3909 4647 2098 2052 2983 1409 2073 3244 2169 863 2115 3074 3887 669 2318 5074 2338 2270 1096 3759 4763 1178 4658 2417 2844 826 815 5274 576 5377 1900 4201 1213 4710 2678 968 5176 3061 4985 2620 1921 3749 664 2780 81 4831 1969 1193 2133 4725 4418 2768 2047 4748 4933 3298 176 57 2057 4232
160 9314 928
7247 5843 2084 6851 8958 2475 1362 1831 3259 2646 6038 8026 1936 696 9191 4297 2458 574 2737 5738 1464 4930 7960 9180 6793 4647 8345 3527 6709 3774 4991 1834 1123 3900 6370 4835 2195 4175 6911 2865 4008 864 315 759 5457 615 9115 8885 8661 383 5935 4838 3523 2963 4214 6722 1800 5977 5748 5685 8980 329 6986 8646 1951 5165 9070 4367 733 4759 4772 6411 7535 3129 9294 7042 5797 2850 4964 5245 6034 5442 5494 4346 4396 5904 5047 2111 545 2491 4489 8570 4156 9308 3966 4947 7103 7589 5797 5946 5333 597 8539 4405 4941 4805 9037 1897 4483 806 7286 2273 382 5930 986 2300 4397 2963 8911 4295 7372 3321 2155 4238 3720 8070 2055 7500 6442 5963 6779 3335 6704 4516 867 669 3658 7651 3338 6662 3472 292 8757 5137 7747 272 6161 4219 6431 5441 7780 9229 2000 5022 5864 5911 2721 6900 4979 3738
8 3143 390
2242 677 2279 609 2807 970 2215 3085
32 3682 463
1141 70 92 2481 648 2760 420 2492 3409 1283 1522 2019 770 3487 1146 2589 746 747 2639 2856 726 2464 2601 1207 662 680 1216 381 271 1244 2215 173
35 7990 181
4319 6864 6774 4883 512 5151 5857 5320 1168 1485 5705 3556 3999 3308 410 7612 7020 4547 4630 3779 832 3440 5653 6041 6600 7884 6091 7102 683 4818 4666 6529 3383 2022 5511
112 110 717
62 91 42 102 26 86 31 15 11 39 28 16 45 15 50 36 34 12 101 38 20 101 96 92 2 23 8 18 104 13 31 6 21 46 2 86 43 15 107 101 23 44 69 72 109 7 31 94 64 11 37 90 7 46 69 74 101 12 51 49 11 32 59 83 62 67 70 92 18 75 66 96 38 83 97 17 57 38 68 69 94 87 30 103 7 106 106 85 13 88 7 99 10 67 37 73 26 85 75 106 104 92 65 97 64 27 42 103 43 15 102 61
83 387 361
177 213 2 72 261 248 323 382 141 338 386 82 301 99 118 285 70 74 27 195 257 333 314 208 250 224 263 280 358 110 342 330 180 226 368 204 259 271 306 306 169 314 2 200 386 74 207 82 40 327 42 57 197 44 70 190 211 341 208 305 17 266 65 21 168 266 137 247 312 330 250 175 173 298 200 219 280 108 156 273 182 258 277
160 6675 632
4534 6251 3306 5151 477 5067 4333 4940 6033 6420 6186 2971 4325 42 2419 264 555 3162 1791 1434 5790 3941 559 1010 1652 5214 2843 4670 6499 3402 2034 3454 1732 6253 5973 1308 1837 5295 1057 2406 768 2086 4392 4388 6603 3954 176 583 1697 45 6619 977 814 1040 1175 4479 335 5440 988 3766 3490 3001 5673 3186 1208 6342 5226 4083 6428 3145 4975 2159 1982 1521 325 3087 140 4456 290 5666 1902 5539 2395 5087 767 4407 1023 1752 4685 690 662 4262 5372 6306 4760 2122 6274 2818 5779 4131 295 6288 3680 3523 2602 832 1387 5528 2452 1195 5057 6563 1556 882 4165 1464 1407 3553 5782 4177 435 50 6360 4868 3437 3711 2497 2366 2882 3275 1862 726 2834 5045 6382 5412 6456 2391 103 6444 4383 6064 4093 2316 6266 4172 3966 274 2457 6232 4493 71 3938 3652 5942 5066 2351 4640 1139 5489
152 5071 714
127 3280 3969 107 585 4412 3897 3916 2449 346 1496 854 2347 865 4035 2056 1617 317 2793 5051 207 3854 4567 2207 63 461 2763 1272 2826 4649 1302 2409 1296 3705 2081 2797 2556 4827 1260 3742 4950 4893 310 1591 3748 1774 4826 2482 2337 2825 3161 877 4981 4800 4952 2761 3216 2418 2607 336 1871 4555 4360 4538 4200 3567 3804 2282 39 1501 1635 4507 3737 3315 128 2014 1357 379 1046 953 2161 219 4777 3478 3327 228 3009 1179 3666 3143 214 431 2849 3365 887 2579 1366 3086 54 2439 4533 4693 2096 3762 4269 3606 4528 1531 4331 211 5064 3792 1356 726 747 3658 1941 4664 3183 637 4284 2476 3268 864 2113 23 847 4988 1869 2151 556 4466 3070 1154 3674 12 1347 2621 85 3676 3234 547 2629 2632 487 1267 5057 2128 4684 3536 4613 3668
179 2915 562
625 389 440 905 62 206 2249 1302 954 1396 911 2281 272 1646 2569 877 1239 764 248 2836 583 2370 2665 1966 1277 2429 2202 1604 2625 480 1449 2281 2647 1401 2839 913 1902 2575 2720 2662 1110 93 2441 2393 2141 2836 1328 2449 1264 687 1337 980 326 2596 2487 6 1771 2094 1428 1618 2033 711 2735 139 131 2057 2403 2224 727 1601 8 819 2065 1026 907 2631 481 1682 45 620 1913 1892 2534 385 2694 1364 672 506 1236 1568 692 2712 1172 2418 785 1012 1129 1603 362 1028 2787 919 1774 2740 178 2301 2039 410 305 1817 76 874 2456 476 344 1115 674 1349 2334 1198 1925 1568 2100 2831 170 347 2472 156 2360 2060 239 2017 2024 1610 1921 886 1480 2021 2767 2086 2630 1203 1836 827 1380 1664 307 570 1070 2233 2855 2382 738 2596 2261 2782 1498 2352 900 2265 1521 211 2163 1813 484 2379 414 977 519 241 1909 1694 2126 425 2043 1196 944 728 2801
11 8817 56
2858 3546 7743 7036 5731 3638 626 4489 6671 3337 926
165 8124 533
5227 5421 7173 3141 2102 3670 7538 7803 6167 7661 1733 3554 5616 2406 1426 2682 1826 3936 1285 2928 580 6240 5741 6968 2579 4873 3194 6207 2446 1066 4722 697 5795 4827 1778 5969 2130 6512 352 1729 5387 2414 6853 3160 7351 660 5381 7944 414 2862 5160 507 5222 5079 4039 2408 4704 4344 7696 6438 3138 779 5630 1358 7595 7718 6511 7890 5234 901 2628 1816 2501 2407 4973 3873 7307 2565 369 5183 1313 1770 3459 2289 5372 6286 965 3253 151 1269 1957 6388 7405 6432 5827 2065 5729 5530 2500 1573 960 2671 2608 1987 3629 4225 375 707 6901 1241 5939 5769 284 3598 6964 8067 5927 3180 6421 4111 7638 647 112 4029 1015 3637 748 6583 5304 2563 5018 3424 3699 6688 3460 1399 7007 1101 6646 631 611 4415 2153 3103 3947 1741 6269 1986 4774 3168 4606 3529 6797 7988 5596 277 3826 7129 2712 2538 5878 4975 4775 7509 4185
159 1012 694
883 291 947 765 165 545 413 399 178 209 185 486 806 1004 1008 426 664 663 217 663 265 278 351 260 939 169 91 19 520 605 518 1009 421 631 411 971 833 659 900 904 395 749 227 319 288 739 134 827 628 501 70 480 66 667 193 251 907 295 911 258 873 696 45 207 595 791 967 231 565 71 208 224 366 315 815 646 763 463 510 11 794 868 352 897 997 833 40 988 902 959 50 538 233 917 109 818 776 200 837 326 991 951 483 228 355 107 779 512 930 579 584 981 286 962 1004 436 719 619 140 864 59 820 489 563 525 544 143 421 644 807 874 496 245 818 990 390 989 1008 184 260 972 345 938 189 145 346 135 225 715 715 614 910 337 52 807 797 28 92 75
169 8483 202
5148 1821 2826 6077 6989 1981 7620 1871 4675 4718 3985 8481 1104 6862 6544 4643 5887 4761 5464 1790 5770 6572 5616 5197 268 207 911 295 5852 3348 6215 3727 2302 3983 6045 5584 4487 6560 3869 6050 336 413 792 3872 6531 551 6515 5359 4452 608 505 3238 6686 1632 1581 5353 2432 4426 2480 5900 1896 3718 895 7515 3688 4451 5664 2781 2278 633 3524 1626 3081 2223 6888 1025 4165 6682 1140 3656 101 1814 4393 7884 5521 7374 2207 373 3236 4165 6674 2011 6997 8086 7850 1342 7078 3447 2683 3556 5066 6497 2510 6951 8355 1077 5261 5045 5863 2271 3007 4194 5148 3394 2655 1904 6735 2803 740 3444 5221 4909 7386 4664 3814 5823 252 1273 2752 34 6800 5672 1767 4775 6699 6993 7083 1882 7050 6364 4842 8140 2613 1437 2619 1469 5598 356 4914 5055 3770 6934 5833 3744 6806 6685 3627 4230 8403 1847 5234 4762 1171 2715 1745 2339 2945 2577 7965
70 1503 856
536 600 116 777 693 414 1035 1467 1053 1 1033 431 810 919 930 1441 848 751 645 1389 172 1375 332 658 1094 304 641 77 1298 1224 1202 1149 220 202 1045 520 1317 1092 243 978 952 718 1491 452 1167 1038 1097 245 1040 23 60 1106 1329 37 1005 1439 340 61 811 1033 915 535 562 834 24 600 487 926 346 884
161 3638 47
3043 2583 2946 1988 3389 2944 1960 782 212 2790 2570 2830 1385 2416 3219 1449 1858 1007 1925 3075 2555 2072 3267 2139 3581 2179 751 2588 2048 2578 387 1690 1356 2112 2253 1340 2410 2837 3455 2205 1028 3272 1334 2713 1626 1899 1598 3440 1608 1534 3365 328 2530 3177 1134 2420 2737 3183 2908 948 3440 3365 2427 1342 3559 2521 350 351 343 1014 2947 2816 463 3492 2602 2231 871 2938 1144 2059 3263 494 2890 1822 680 764 3581 2547 3432 1328 2722 1632 2239 3591 1745 3159 1387 1068 2315 915 2387 607 1180 1795 829 1229 3584 3411 3177 1182 3315 1781 2261 1191 2947 258 1053 1295 2763 3249 720 395 3198 2926 2202 537 2606 1661 1506 248 947 2524 2810 2538 2724 3331 2087 1880 2844 3224 3475 1070 286 1300 3462 1861 2870 751 1775 483 45 562 3046 3569 2172 213 2103 106 1137 941 1241
85 1392 844
645 1258 678 511 1045 960 943 224 627 367 589 880 315 535 759 330 269 1376 148 823 682 45 621 1289 926 906 396 364 866 1182 1251 453 721 772 842 352 385 257 544 387 1154 1281 734 240 472 1012 1034 1027 48 722 1252 105 958 197 716 411 593 657 216 276 806 432 628 260 396 301 1138 71 673 41 1277 718 299 927 707 357 957 292 444 251 319 239 798 80 578
49 2553 379
2207 524 2090 913 1133 2120 935 939 1758 2344 2201 302 2501 1585 1700 2111 1156 1915 260 2489 842 2476 273 966 383 816 214 1384 217 1431 1847 27 1057 1295 2503 1727 2160 992 2215 1550 1784 829 175 119 161 235 1479 1136 824
1 2915 388
1275
44 7852 197
112 2781 4525 7850 3659 219 1052 4719 7415 943 3554 2455 5355 498 4253 2330 3537 2091 7489 7476 365 4806 5737 7001 54 3748 1096 5080 460 7566 62 4797 4842 2918 1522 7826 4960 3393 3764 7278 2517 5327 961 5111
133 1979 590
134 1180 98 1511 1685 407 781 724 1204 179 356 1229 1597 156 1187 921 927 1759 1610 13 961 181 61 308 1639 1593 314 1811 506 526 187 676 742 1387 1873 937 1665 1454 684 430 302 1425 1235 33 744 722 1220 1037 1771 1156 1702 933 892 1719 897 1079 1361 837 507 1358 802 1187 300 1082 1202 912 1589 684 1789 1490 1350 1757 1929 1574 1788 1561 80 1266 1967 83 200 255 1688 197 770 8 528 1859 133 642 341 1597 202 1202 1148 1805 1210 398 1702 1078 1310 91 899 1709 842 1655 1803 559 996 1816 1043 283 1349 166 1124 1832 616 395 1864 1250 1048 482 288 300 1360 166 1316 196 1375 62 742 438 845
188 8169 901
767 3898 3548 2331 455 5956 1195 7808 6752 8050 1565 4011 6746 1566 8045 1912 6144 2845 511 6365 7782 7259 2936 7353 6360 8011 2288 4785 4392 4186 4965 6673 797 406 3550 1885 1097 1496 3980 6522 3621 7786 7036 7215 670 1427 2800 4842 5279 7808 2483 542 2590 5883 8119 7523 2373 7984 4599 4661 6449 2609 76 4366 7492 7974 1017 5810 7201 19 2546 3160 8088 3428 1313 1069 6859 7131 4996 3977 580 8166 1687 1637 6268 4393 1411 287 6795 7859 4031 1380 5972 2968 3299 3037 4664 3656 2673 3821 7874 1529 2509 3192 4359 5282 4875 5075 6244 5057 4581 5769 617 52 5589 5163 1324 272 428 3517 3658 4675 1231 6191 1343 1257 5039 3691 2930 907 2459 746 6395 1246 6159 4998 2246 340 723 6713 6782 7976 8077 6056 693 1644 2895 2937 1169 3771 6342 82 7517 7427 485 4997 311 7385 856 7777 2699 7304 4123 6760 6220 2087 7417 7803 4078 5982 1573 7335 5100 6627 1358 2136 936 158 5963 3624 4078 7216 235 4930 1496 5894 1801 2821
45 3149 95
1761 1403 2646 433 2482 2610 836 887 1733 1210 114 871 670 2225 706 771 2080 374 515 1225 2325 3052 1154 2808 503 467 1579 1322 931 2542 2910 589 537 1906 368 344 2460 987 1271 1388 1423 1114 1721 1585 456
53 532 564
339 279 263 2 453 183 64 375 331 327 290 173 505 359 67 401 311 18 261 23 413 121 98 322 85 393 315 389 302 166 318 133 104 47 237 144 318 471 382 115 133 324 500 91 175 195 60 65 396 119 249 188 469
178 7670 830
1923 717 2634 6610 2993 7480 5327 4910 6944 2441 6055 4696 2379 6460 3328 231 5881 284 5161 6141 7591 6068 124 4638 5200 6898 3565 606 7609 576 3313 106 2098 2426 3754 3002 2627 1990 3650 4594 3776 7074 2427 6604 36 2407 306 505 4648 349 6340 3120 6779 2816 2139 5307 355 459 7039 4478 7537 855 6898 4725 6352 609 7169 607 6355 590 1132 7528 2762 6035 3663 6849 1977 2633 6979 7242 393 5785 2365 121 6501 843 1482 5843 4838 5558 446 643 4964 1317 5075 3204 7287 6675 4935 6033 6610 7146 2150 6854 5483 1319 4478 6617 6385 4668 644 5160 2603 5630 6395 1462 6755 7617 3094 4368 4140 3529 7252 2226 7370 2050 3077 1186 1673 3881 207 1237 6732 4521 2228 1293 739 3926 4914 5043 2492 6151 3226 6090 7223 4976 2804 5515 4169 2624 567 872 5242 3131 2394 5648 2752 2340 2974 5473 2929 697 3536 7525 5421 6963 2242 4523 5730 5097 6617 367 1238 3917 5939 3395 7212 4550
140 1187 380
1171 643 1012 760 465 434 1173 308 377 865 819 349 434 39 112 1171 53 771 399 296 958 1033 410 881 496 140 967 988 638 896 792 722 290 416 690 924 312 923 919 421 630 746 972 1098 84 795 900 1163 266 199 180 1158 1179 1016 752 1153 107 188 92 575 1132 680 68 253 137 1008 502 303 688 1146 466 240 370 721 284 1069 1161 1134 30 752 654 605 753 629 467 247 262 875 424 221 659 743 404 172 357 1081 256 680 492 1164 988 831 1006 263 143 1011 1125 821 1156 101 266 230 474 480 298 307 532 856 780 45 1048 394 583 650 320 516 776 1178 236 810 474 758 525 332 602 1084 1152 214 919 637
134 5508 30
2046 5338 4297 2339 2383 4545 1194 1800 1871 3635 4361 2723 3980 9 1623 1078 4945 884 174 3099 3247 2949 2494 2552 834 3157 4774 3382 3827 3023 1361 1860 455 1752 2946 5057 5169 2322 2577 3180 815 5228 934 474 3350 3350 5407 3889 3146 4653 2800 2360 586 4633 2763 1133 2184 1579 5488 5294 2726 4541 321 1337 3900 642 4065 530 1234 5271 1661 2515 5006 4219 4828 1151 2518 362 1688 2697 3546 2695 3733 3652 1892 2240 5497 432 3756 3311 1360 515 2264 4896 4957 832 3574 2051 3617 2342 4850 1415 4612 1633 1648 2836 1424 3792 290 5340 4966 2891 4878 3359 4678 1959 3103 690 870 3948 1524 129 4499 1501 4813 2543 4150 880 3748 2193 4533 2804 240 1620
9 4138 105
2302 2178 927 46 2179 1384 2239 1404 3051
60 7450 30
2992 938 4260 5726 749 773 4745 4380 7 6665 5025 1461 4974 447 4390 7139 3843 1790 5300 1822 3118 1294 1073 4751 548 2206 16 7019 5487 6152 220 5648 3159 2146 7208 793 4315 6339 6036 878 155 6008 5269 3243 525 6473 2403 3737 4561 3222 4992 3636 3760 5976 2129 4570 1860 1486 104 7043
35 4402 613
2666 1352 4144 2789 1431 2040 4087 593 840 3409 3929 10 4199 4373 413 3170 3481 1980 381 1128 4349 513 4242 3490 3471 3969 1690 1668 3765 2681 881 3029 1997 4117 640
93 7803 756
5199 2249 828 2167 136 2360 1940 6715 6502 1121 6372 2664 4805 3222 5017 4345 4327 2850 2311 7025 5277 3683 629 3474 3667 5456 7340 6146 3520 7775 5384 1749 6599 1152 4858 6945 3548 4436 3634 2829 5134 7352 4521 6869 1263 786 6891 3876 6063 3611 886 2150 1392 867 6333 1534 3292 1488 1029 2869 5743 3079 5641 4772 377 2406 6053 3157 955 4185 5706 6424 4547 3211 1581 5207 929 1327 3438 2495 3455 2427 2004 7383 4741 1906 1692 7127 5005 698 7041 667 4993
94 6907 687
4047 4681 525 563 4469 2688 4329 2086 1628 3016 3726 3722 4678 4480 4286 4153 1883 5414 2430 2723 6139 3647 1274 2280 1520 6614 3156 1063 3564 703 923 3590 481 1064 4994 4591 3569 2329 5213 6389 6290 5101 6084 1197 2772 2404 1680 5125 5618 2757 83 3652 455 22 212 5641 4784 6842 3840 5273 3653 4975 1290 3147 4476 417 4098 6546 3337 2277 1968 6887 3460 2824 4950 115 4577 3668 3449 1178 4720 4885 4399 6798 905 1452 4775 5985 5264 901 3338 6891 5899 4047
199 845 374
485 560 430 7 14 51 46 681 358 266 414 291 835 409 93 171 29 691 551 835 340 409 312 203 142 420 685 692 184 410 738 813 600 403 690 596 265 220 80 178 396 656 494 836 663 140 256 539 210 461 210 767 764 61 114 740 3 162 497 464 701 85 45 799 244 282 426 108 437 154 168 400 548 406 404 678 614 153 649 348 192 644 633 736 148 644 386 372 764 340 113 582 503 502 182 232 276 146 654 567 550 16 216 699 368 840 142 816 84 695 300 267 354 20 584 508 208 54 335 749 427 323 97 198 336 187 641 348 56 823 359 54 778 677 577 671 449 12 611 257 477 384 250 267 57 414 275 497 644 77 66 408 18 756 197 326 336 380 23 274 564 134 375 787 433 544 398 489 654 709 472 356 532 561 299 654 842 811 565 445 424 347 520 754 647 532 385 197 773 556 117 402 755 451 662 120 57 311 607
139 8294 368
372 1339 6415 4646 4432 4031 1181 133 7554 792 3587 3928 6186 3439 6359 6638 6681 6331 8076 3116 854 650 4318 1015 2220 6297 3510 3076 2718 3792 3209 4188 592 1504 731 2798 1096 4871 5990 2271 2458 5173 2676 796 1522 3403 4481 4610 6308 5486 7695 4444 6176 2401 6769 7705 7767 122 6161 7552 6468 7269 6764 7009 5845 481 6872 2604 3881 7820 4186 5613 5411 5914 6416 6465 1487 3338 5197 5412 4454 6471 1026 161 1645 5390 4657 5388 2557 245 1336 3117 5589 1307 1783 4577 4609 2232 1057 2707 2683 1924 1685 4182 5794 7647 7030 429 590 6876 2177 3831 5567 2492 6800 880 8232 2652 4781 1323 3106 7985 1646 3399 6690 2961 4381 28 6076 6394 4188 4455 2962 7209 5735 3976 101 6086 4226
72 5788 631
1734 1531 5245 1629 4387 352 5420 1451 1485 5038 1907 2277 4427 76 1053 1746 2256 3362 3597 4680 206 5176 4890 5421 24 3135 1613 4424 3574 3423 333 2480 4367 20 5606 1725 840 3435 5754 4386 5198 916 3320 1456 1526 1700 5596 1904 4287 1298 5214 5436 672 1676 4786 4483 5620 678 2140 5490 667 4291 1430 2270 2979 720 290 1889 5124 5104 5633 2284
104 3792 696
1136 385 1254 1073 3173 2347 1288 346 2275 2104 1157 3254 660 2457 2287 259 2871 1209 473 2946 138 2593 56 1454 3059 2211 502 2989 3665 1788 1817 1958 2486 746 2087 1937 1453 2106 2369 829 733 3615 862 269 509 123 2123 2611 1203 1181 3293 2650 833 2764 2689 2591 748 2351 1280 334 116 1951 1031 737 636 2487 1203 2475 1519 1563 177 1175 2889 68 2228 1320 1727 1255 2500 3769 3001 3668 725 3263 1770 682 2827 3043 3363 1643 523 3703 3444 1585 296 1310 2094 1968 3752 1477 503 701 979 2657
31 2672 535
1283 395 1696 2279 1748 719 501 882 181 1262 1278 1150 952 892 1400 1917 434 2557 2492 2579 1531 680 115 1222 632 2604 347 2151 1450 2397 923
36 8267 637
7672 6555 121 1489 794 1099 7826 4656 488 7226 7773 7171 2278 1819 5430 6925 3849 4637 1373 4533 5930 7545 5660 2804 3464 4510 8080 6697 1644 3169 6924 2694 3720 6883 4533 71
178 7041 307
2108 6907 1535 4721 173 135 6503 6387 1597 988 5641 1649 276 6485 1634 1448 2360 3330 5448 1693 1681 2322 2641 5076 6565 7032 7007 2305 6860 3105 2719 6426 2985 2579 753 770 5342 2438 4727 2522 2901 6589 2475 6069 4034 4688 34 6961 3292 5148 286 2781 1065 1854 4327 4045 4931 4188 6106 4605 2432 2671 6990 70 1259 4188 4596 1002 903 3699 3175 4992 4198 3842 4032 5769 318 5799 3926 409 5708 5834 3462 410 6818 6056 1648 4947 4373 4343 6085 4601 5452 2754 4388 2984 3803 4125 4967 3034 6807 122 4390 6350 5049 4157 4146 6528 1691 4294 3074 5333 1416 3504 2891 1135 1305 1752 3598 1166 1918 6502 2737 5724 801 4776 4927 3994 4291 6256 2122 630 5987 4392 230 3858 3873 915 5254 6327 5599 941 3340 6022 2112 819 6563 1559 4263 5534 625 6823 2141 2188 1683 2176 4122 2982 6944 4994 2260 5119 5482 2039 6016 1982 1508 2457 865 4380 3899 177 2185 3803 412 6671 2174 2441
81 3530 968
3204 1033 66 2379 1115 3512 363 2388 2974 2619 553 579 3130 765 3275 1860 379 1839 2868 1416 207 1470 1237 852 1868 2887 48 2078 1540 924 2328 1694 1027 1208 2352 638 1299 1438 3182 1281 2272 2354 2367 3268 3042 2016 2393 2335 1701 1759 804 958 271 2348 337 903 2235 744 1888 2641 346 828 1390 3310 2840 1280 2367 3153 228 2364 2764 162 401 771 3242 839 557 1286 1638 2172 2354
103 5329 810
1291 135 750 1249 4046 724 697 4956 2993 4917 1118 3166 4863 294 1701 2978 3773 3596 1065 3462 4198 754 1672 1498 2896 2734 2186 3119 605 5054 3567 4367 3745 1328 2216 247 231 941 19 430 460 889 2417 4915 2978 2560 2058 3808 4630 410 2842 5198 1096 4546 3510 1943 432 38 1188 3301 4869 869 1805 26 2609 5036 3042 301 3201 3514 730 1601 1121 4323 1314 103 3690 1546 5140 4460 4450 3497 2513 1029 80 154 1463 1609 3089 2261 2071 1027 1219 334 4875 2357 2089 749 2995 2066 4100 2141 3542
33 7879 213
3332 3364 351 3297 4985 1629 4260 79 3519 6077 5155 6267 7389 625 3709 3348 6482 7149 2540 1402 4489 5063 4982 3622 6042 5290 456 509 2299 4162 1888 3481 7791
171 1894 856
1545 1462 809 1606 560 1457 1237 1107 247 1242 1370 729 870 705 1710 1119 1149 1498 1647 821 869 419 1337 249 369 865 1157 1262 89 752 827 870 1443 38 1294 22 36 1494 1837 720 683 1672 1 199 299 1638 1348 1443 1656 1532 1699 1475 1737 1599 1836 158 78 1162 1824 150 611 841 439 258 275 750 354 947 623 1615 842 998 781 1341 159 1309 867 743 728 1659 679 74 586 304 1409 1138 567 606 683 1695 255 832 565 1174 996 1675 584 727 892 704 116 1646 750 935 440 1234 1355 1397 1806 1871 18 816 949 1436 1039 1007 930 1825 1892 660 87 883 323 1584 310 1520 1101 1372 293 906 897 1667 9 1141 1351 1445 1306 1605 1564 1258 336 1274 399 359 1634 909 1615 1200 1597 819 105 124 177 87 375 1201 530 177 183 424 976 1446 20 240 1324 430 942 1119 1147 884 952
176 4382 413
1709 4352 2264 2046 2040 2285 4166 1673 2839 3881 3674 1896 4335 1462 3559 1764 1503 4359 2965 4330 2758 1222 3668 2266 3104 363 1153 990 3547 4084 3402 932 2071 4141 640 2983 1550 2785 3924 512 437 2634 143 2456 533 2744 1325 3776 2021 1356 1577 2415 1853 4036 566 826 3396 42 3967 1915 2584 4349 1818 618 1465 3748 2858 1294 2504 2541 2133 3530 32 1767 3852 806 2980 1453 1249 2425 4188 4338 46 681 3354 1217 1135 2594 512 3799 397 2919 77 2462 520 1388 2293 3958 970 3477 1549 2350 981 3134 3599 130 321 1677 3892 4155 3000 107 3024 3271 2431 3899 3933 2795 1085 2992 3021 2363 1669 2434 269 165 3737 1063 2089 773 4285 3571 520 3923 4220 1214 2464 3324 1033 132 3941 288 1243 1207 2786 2831 367 696 197 3822 639 2071 344 2357 3525 824 1425 2111 2005 871 1328 693 4221 3253 2167 1488 1179 1104 1279 4044 696 164 1407 1517 465 1565
127 953 551
389 616 609 889 542 240 385 582 196 857 217 272 553 429 319 35 719 202 554 92 696 828 940 293 565 594 795 23 946 22 616 434 389 798 779 892 115 607 723 10 318 109 481 564 916 19 934 328 775 469 368 462 935 946 592 879 842 746 580 280 328 237 924 83 103 732 349 175 91 233 857 332 62 193 152 613 58 726 80 79 230 143 106 428 186 783 292 703 260 39 71 899 192 231 910 467 302 560 678 861 350 889 9 559 239 254 128 257 250 431 411 802 217 242 269 299 368 727 852 21 117 198 356 513 151 708 450
56 4056 841
634 1598 1977 3083 3849 233 3453 3289 869 1536 1671 49 3629 1478 2588 3708 3567 1256 2952 3133 1672 3758 2575 2285 1946 2137 2612 2937 2127 63 1959 728 2160 27 475 1073 3910 2180 3528 4014 2292 763 3792 3937 3162 1117 3610 556 4049 1311 1311 1812 929 3461 404 3951
70 7296 287
1775 4876 1715 7240 1927 7206 2506 5170 4664 1644 2492 1788 7232 1259 3277 978 4717 4167 1823 5547 1402 2093 5383 751 4444 4369 199 5951 5608 2592 2603 1209 3744 3047 4138 2142 5901 1200 5419 5549 742 1703 3123 4148 6558 470 7177 3747 6690 843 1200 5976 1523 6477 646 1314 2063 1880 595 943 2932 3503 6652 751 6513 5591 3031 2721 3611 1231
197 590 435
112 571 223 411 111 411 561 67 139 94 167 208 302 560 115 149 37 296 362 111 413 548 122 98 206 475 385 80 339 110 334 464 2 545 540 246 288 406 483 398 435 459 488 259 405 41 182 541 551 62 136 397 402 277 62 186 473 65 367 525 97 256 131 12 507 215 413 173 410 171 158 152 244 99 83 214 483 250 165 337 173 86 398 438 536 337 233 414 433 298 417 72 269 481 108 163 290 78 53 392 516 426 198 30 338 173 177 445 14 189 38 7 84 264 274 21 518 144 91 125 15 360 387 471 180 112 171 148 108 521 479 107 397 33 104 370 361 54 510 475 362 87 202 378 103 431 392 13 518 207 230 380 306 519 305 501 231 476 76 216 296 353 431 193 509 418 63 317 266 96 129 329 201 219 220 92 586 450 311 77 4 222 537 39 11 563 373 210 81 460 217 36 531 318 275 122 291
48 4865 953
4167 3344 3091 4857 4783 1351 3599 3945 2033 1200 271 2758 1591 3847 1975 1875 91 3267 3385 3137 4136 4164 1559 3919 2750 2966 4206 2069 4530 1309 4610 4440 534 3983 2085 108 3942 1824 3188 1893 1554 3603 3558 2057 4448 1085 1448 308
58 3937 506
2691 1527 586 570 1274 3410 1178 607 1235 2695 1451 956 3568 3271 2575 1392 100 19 1987 2523 3546 3388 3114 3389 1190 534 3866 1940 2592 1169 3385 120 3126 3480 559 901 1425 337 3372 3260 1127 3872 353 3206 3689 391 2411 3833 985 3331 1458 3904 2628 1075 783 3933 1698 1583
160 4052 98
3415 1705 3316 1115 2044 1957 575 2631 1846 3525 50 2183 3741 3582 581 4032 1515 643 3370 3564 2123 3281 1194 872 1402 161 1074 2467 628 1214 3095 2537 461 953 1856 1393 3631 1820 1356 3964 181 3637 2492 2444 2334 282 2235 3449 1709 2688 591 46 1319 207 3440 1301 285 372 3052 416 1263 2723 2434 520 3235 3034 3247 1217 1927 1654 3518 203 447 2651 2612 1560 2461 3687 1432 2258 1742 190 3391 2677 3095 3397 1255 1779 3936 3954 3790 273 2301 737 301 41 904 1275 2652 2034 1654 2968 2963 3252 3983 2626 1692 3125 1821 1940 2234 886 3092 3044 1461 1296 1985 102 1776 3931 2288 1125 567 3120 2811 733 1479 2220 3116 846 3335 2005 663 2494 1223 1683 3176 1862 2322 1445 2330 2988 3553 421 1767 3558 3202 338 3178 1240 402 3463 26 420 486 1734 2125 1408 1637 2405
105 9342 468
2075 3555 7411 4843 4848 9104 9148 5162 197 5291 6745 4127 7134 6561 3314 2448 7847 4381 6860 6676 5150 7143 4549 2521 6427 5315 6272 6739 6701 6619 5256 4303 2463 105 8545 8541 7001 3403 8990 6223 5188 2272 1101 5270 1207 2009 2833 1674 287 2260 5296 2629 961 960 2443 6586 5225 4481 4896 230 7414 5888 1011 6211 8925 8448 6078 6392 3838 7787 7842 8090 4924 2109 497 9254 8075 6762 8207 8486 1468 8367 4246 7424 8070 3895 6474 6073 7202 6820 1433 2160 2066 664 9327 2857 1140 5946 6772 5971 4923 871 184 2622 7119
93 7117 238
1499 3576 2914 4948 1632 2403 6704 589 3901 5075 4894 6747 5230 3861 3122 158 5809 1965 7093 2437 6133 4216 2513 307 4405 5646 3229 3202 342 2638 6853 4969 655 3263 2519 3498 4164 3745 5905 2707 5406 4790 1915 6840 4985 1686 4159 6474 3289 6962 4260 2880 4553 5869 2921 2489 6580 3279 3829 5972 6801 3052 2525 6371 6283 3573 3933 2340 1662 5166 753 2735 2546 5427 4674 2947 2788 3296 2404 2060 5354 621 3957 5319 129 883 3869 6257 2086 2608 4477 1516 5142
85 2661 896
761 286 666 1753 950 1215 144 673 2210 1430 2413 2361 2056 850 1805 1127 620 279 320 704 1374 2624 1203 2551 2638 2423 1419 2134 1362 572 2609 1883 2174 1367 304 1871 2158 153 1244 2315 2396 686 1778 1943 728 2284 2499 2497 477 946 1374 1763 666 1291 1570 516 2280 2454 268 1476 563 707 1526 2103 1885 1225 1353 1655 214 294 1304 1915 1111 2338 794 1580 2137 1299 1485 1852 2521 2104 1767 1162 1072
120 3433 43
3016 3363 1144 1060 1660 2414 694 1980 333 52 357 1868 537 1362 3286 1694 3186 3191 3353 2072 666 89 500 912 3151 1020 397 234 451 2633 2591 2619 1481 1964 2080 2227 1665 932 1303 194 1345 2590 953 692 2638 1790 2402 439 117 2770 1058 1694 233 978 2027 972 833 2327 2611 3288 2678 2656 3063 2163 2589 72 2290 1868 2111 907 2464 963 1598 1429 3352 1158 2445 1914 2483 178 3053 2317 596 2901 1500 144 647 254 353 2075 154 1723 1945 48 2502 2950 698 181 3414 2773 2659 1460 2278 1148 1197 1781 1752 2371 1606 686 3010 79 1691 2326 1402 431 1034 2264 316 1283
74 3637 464
3185 53 31 1239 2359 2664 3290 2967 1023 1777 804 334 3443 3434 551 959 3367 2706 3216 2491 396 2422 985 1053 392 3619 217 222 952 3484 557 2933 3126 323 2846 3082 1998 1888 3150 2981 2959 1819 1642 2708 1135 298 1513 2690 348 716 2170 2 1522 994 2184 3237 3405 1199 2010 174 2056 733 3220 2367 3605 2622 25 2619 1527 570 466 2589 895 669
38 7105 991
6083 6746 1817 4921 6635 4496 5717 4047 956 802 5480 6513 4580 4984 2940 1535 1074 3793 1163 5491 1775 1003 4478 4756 3216 4548 6813 4009 5892 4918 3735 119 6083 5860 4648 6151 3406 4337
97 6123 392
3365 1424 589 4404 5513 1623 5878 713 4206 3480 5910 1047 5329 2851 3556 5916 3667 4213 200 238 6007 4292 1584 2600 5249 3077 4160 3719 3694 1451 1138 2488 3342 636 5254 1578 2346 5289 5012 4144 1793 2284 5631 5435 602 2222 3585 4657 2985 2882 3172 758 4123 3289 79 3443 4512 657 2880 600 43 2984 187 974 1858 6062 167 5610 2234 2530 1998 5719 1926 5470 656 4897 4843 3994 763 5851 3926 4502 6034 3356 5225 3105 5584 397 5707 5425 1951 1420 4933 5829 5500 886 1473
193 5045 276
2995 1145 3259 3462 1387 568 1177 3578 1638 3184 2483 3101 4422 818 1001 2258 2468 1592 4173 410 1278 4198 4116 350 4574 2094 1692 14 4289 1213 2015 4192 4671 634 2425 1190 1537 3837 4424 4906 3262 1950 1638 962 3789 1773 358 4646 96 4428 432 409 4526 2678 1337 4691 358 1134 2804 975 2198 2013 4771 1687 1023 332 4054 382 2224 2292 2034 3204 3627 4693 2153 2512 3207 4379 2807 673 3004 4644 4977 247 3802 3139 3403 273 2226 5024 2168 2488 458 1673 2040 4500 380 682 1796 4246 3100 4790 3425 2804 375 4663 2321 4954 2306 1720 1078 3749 562 3204 1079 3 3484 4871 943 3660 1943 3234 3317 223 4801 461 1761 2908 1833 4915 285 4103 2308 3023 3005 4300 3431 2043 3251 3286 4071 120 4591 1275 662 2869 2224 1860 3800 3866 4346 4992 4958 4487 2981 239 1840 3509 3843 809 3560 1935 2267 2629 4941 798 1138 4380 3948 617 2623 4055 2218 4185 4455 3205 3697 1982 3509 1197 1713 2747 2436 2818 4833 3463 691 3374 759 4673 47 1392 283
84 8169 209
4310 6261 6546 7843 1908 1619 4579 6203 6410 927 7925 3751 7659 2492 2688 6543 4895 5460 7133 2403 3144 1516 2561 7740 6048 4018 4842 6423 1270 1089 2613 3331 1475 252 4709 6932 3076 519 1237 1687 6230 1661 7372 7984 4565 43 4114 3449 7413 4521 3019 5049 5214 1356 4203 5605 4624 685 7100 2841 5770 4005 5315 2302 2042 467 123 587 6588 5627 5735 3411 3463 4662 2664 5810 6565 6859 7826 1377 3811 277 4886 4782
48 2259 146
1029 533 977 1670 2041 523 2051 2185 38 878 1080 1310 305 595 725 2243 1209 571 1139 1362 2252 300 1065 1344 1057 541 1444 1765 190 835 1813 709 1039 1940 1025 1413 2206 1276 577 411 1317 1796 2002 56 654 772 1805 980
111 3988 150
3430 1742 322 2752 1608 935 2656 2853 2608 3442 1116 1440 1601 2153 1454 2024 3728 1974 3951 3828 3293 599 1873 745 517 2879 923 328 3273 991 3806 1704 2630 789 369 1514 751 176 3109 263 3458 1348 2125 2972 3215 245 84 1199 1197 2461 1892 3911 3818 666 1978 288 3197 2035 1003 3156 1491 1565 1493 3633 1842 3435 2915 1058 249 963 1185 1929 3538 1147 2554 3617 1590 669 755 1311 757 3588 2458 860 3460 1117 787 3266 338 1105 602 2810 2891 493 2890 1503 3215 1944 1259 2909 939 3908 3623 2479 3103 1650 3762 1370 2152 3230 2240
141 5445 893
2967 1431 2306 2261 4840 2961 4910 1913 3250 4378 1681 713 4885 4934 4535 1387 3614 3669 2577 1144 2404 4046 4572 4639 1976 3862 1720 1343 4830 3256 3302 2290 3944 3586 1767 3931 2138 2017 4796 4614 2073 800 538 3933 1459 4526 161 4125 5042 4217 3071 2665 4392 3065 4702 4168 4576 2218 3063 3989 5407 405 3000 4502 3738 1416 2594 524 2137 4811 174 3208 3927 100 3455 543 1720 930 4118 2654 3075 5217 5216 5177 853 1562 2372 1304 4192 3058 276 2419 4060 463 2265 3736 4258 881 5180 2455 2459 4855 984 1915 3075 2463 136 3921 2984 3609 2628 4689 248 3576 1507 957 3257 4080 3244 3443 456 409 5169 4592 965 978 676 2089 3451 3627 3536 1149 592 810 4492 1773 5439 429 2642 1123 2954
163 4521 490
4518 2902 3240 1570 3597 3034 4 4253 2003 1063 1193 1226 40 4473 1045 3850 3282 2641 4438 2869 1820 576 4120 3208 2143 1615 3655 183 2860 2312 1518 2285 3189 1179 1233 1912 2811 42 1876 4465 2891 1225 1486 1031 2078 2377 3617 2726 746 3494 2337 2311 621 3776 3112 538 3221 3606 1040 2500 3962 673 1988 4093 3860 2102 1763 40 3820 1289 1740 2277 3862 2681 3909 3059 4326 1018 3645 985 3609 2760 676 4317 280 2010 4373 710 519 1475 4382 1320 3856 2001 4033 2274 720 4331 4284 709 158 1346 215 1495 554 4454 3496 343 3898 999 2380 3362 982 766 3207 2034 3593 1273 505 3202 3017 2443 140 2292 3514 1682 324 4212 58 1264 1425 976 1034 309 1668 3001 353 1109 3757 1193 3341 348 2229 1795 340 2818 3889 2674 2602 2033 2295 3558 888 2683 3240 1099 358 2219 2444 3138 2782 711 2150
186 5237 917
274 4554 2894 4152 4695 4307 2363 2329 3040 3778 1937 3939 136 3665 4493 3475 3668 1311 4377 1090 254 1094 1087 5054 383 3030 2472 1035 2145 751 3229 3453 2724 4175 591 1479 4916 4091 1033 3027 929 4521 2438 361 2808 2825 2179 3562 2158 2520 2784 4463 2830 2834 1285 526 1868 4849 3889 272 1021 1805 1930 4403 244 2462 88 2399 5091 2965 1321 4437 2966 4937 2562 4334 2246 6 951 4254 4105 1028 3891 3434 1507 3864 500 682 296 1235 3139 158 1857 1021 2945 5015 3957 206 2800 3415 2179 3344 2046 3877 1391 1055 4777 342 458 2024 1249 3521 4972 2713 4793 4511 4260 2637 2678 3487 2397 842 2637 286 1912 59 1425 137 1210 42 3143 3484 3665 3612 2940 1603 4777 3169 1267 2364 3427 736 3050 5196 5081 2217 3675 1279 2347 86 3849 748 4584 1179 962 3895 351 1707 3410 4887 1253 3220 3893 3917 175 1611 4213 1210 2849 768 2777 4443 902 1851 5146 2352 5226 4074 2891 3500 3439 1274 1284 1528 3171 2398
116 6214 323
4002 3685 5552 5176 1343 339 2544 168 2181 4737 1955 5309 6012 814 950 4317 1288 3543 6035 1351 4928 5463 3102 3153 2672 4343 5935 2491 3048 3832 632 3698 3618 1818 5355 6131 4800 3861 1296 1709 500 2270 849 4516 5469 5375 3805 1710 66 5683 302 2156 564 348 3907 218 5361 4296 3730 629 3352 1586 5553 5422 3501 31 5015 1508 2961 920 4180 5524 5110 1850 631 1747 5450 2794 996 1266 6162 5179 4848 5351 5917 5727 5913 3868 696 4636 3448 2144 935 94 979 6148 3500 3935 5590 3559 533 4749 1135 2465 2090 2013 3830 2773 4775 976 4222 3281 5833 1353 2935 368
131 4945 305
2730 4339 1129 1330 2295 142 156 614 3034 4819 1189 4939 2876 4598 3523 4100 950 1566 1554 84 4352 2943 3315 3161 3050 462 3564 283 4895 4672 2383 3445 4660 4252 4566 534 781 2461 1739 156 2117 547 4096 2184 3028 1673 2219 331 1185 2510 422 2572 3596 1836 3810 1170 2285 843 2316 4062 1493 330 4731 1597 2924 3917 3376 2753 3916 4611 312 466 3767 2699 3346 2297 1373 2542 566 2676 2614 623 3079 17 1585 1319 4321 460 503 1926 2967 4471 1527 4889 4936 4294 4718 2326 2220 2615 4053 2831 491 4718 3983 761 2384 2672 3033 40 405 315 1170 1160 1042 2114 3949 1643 345 2534 1640 3448 2517 2666 644 3505 3778 4113 1639 2708 1005
18 4156 896
1863 3408 19 2206 3845 1360 953 3313 1892 2166 1355 2382 2393 1454 3110 636 261 1186
116 2712 503
1810 2488 226 345 1875 364 1980 1118 717 2050 1070 2100 130 256 2123 96 2252 1040 2320 2711 2688 2100 1397 1415 2103 248 2600 2633 731 1273 2395 447 29 143 2691 1578 93 839 910 175 1945 1527 420 1335 882 296 1225 1144 1142 132 1066 1284 1281 1030 1777 2097 1183 1517 1986 1124 498 2327 2097 1580 960 519 1881 1277 1246 2555 1307 70 977 528 274 2499 2409 1612 2028 496 512 2563 1707 740 952 2539 665 128 1699 940 1002 2352 2389 1412 1588 1412 1950 1576 2200 250 157 816 438 1272 1300 1460 381 791 689 1928 2365 2156 2250 2420 2624 2609
166 622 751
128 597 63 577 337 314 387 84 37 165 303 357 109 64 218 346 6 506 226 524 75 58 431 327 236 44 385 454 299 577 229 386 121 32 131 606 520 394 595 422 587 47 509 347 316 162 166 235 586 241 272 584 350 493 507 362 445 426 338 274 82 329 586 297 349 593 120 265 43 239 236 549 207 520 297 262 282 56 109 360 47 396 338 272 602 433 292 576 413 612 598 32 348 519 87 246 295 565 64 548 166 94 470 590 610 420 619 211 69 315 107 170 237 247 371 294 619 250 435 515 139 428 567 423 149 311 579 500 507 87 134 444 330 436 486 426 607 599 241 571 332 606 58 126 285 491 583 333 337 368 79 543 429 540 421 192 83 14 202 475 447 310 544 320 426 322
153 7551 822
6655 1787 3254 5794 1253 5625 2817 4947 7464 2264 487 2777 3103 5363 4628 5261 4039 6216 5564 4054 6793 4888 750 1608 2950 3132 5510 4192 5230 3293 2422 505 6267 2063 2213 6792 7037 1690 5007 1788 5276 177 2797 6068 4784 1342 247 7478 5279 1003 4597 5809 4423 5321 7234 5435 2466 2568 218 5169 380 2677 1966 6789 7473 7235 2365 4024 7457 5225 842 2652 578 1746 3932 6481 3827 1375 5348 5594 2703 2713 4417 5185 3225 6411 6171 4556 2926 4288 7455 3528 761 7272 6188 5088 3887 5727 7134 2675 7137 3534 4550 58 3004 4023 6907 5297 6789 6377 2582 6950 4605 6027 6511 5526 871 2243 7332 3113 1412 5982 3208 1529 2452 3555 5329 965 5046 4120 5566 1079 820 4477 4112 218 6013 4792 1491 2664 3955 852 718 5788 5835 6662 6883 4776 6065 6778 1116 6813 1802
40 3904 804
2014 1231 2327 2277 792 1547 2030 1170 3498 2048 2233 2527 2314 3558 993 1138 3568 2807 819 2971 518 2099 727 1806 1320 210 2957 1733 2267 988 628 1349 3025 1961 1453 216 1691 3138 15 635
164 2075 337
715 1233 265 17 1421 1196 1660 198 301 218 1822 1498 205 1805 158 633 752 1208 1856 2061 1267 880 1180 257 960 1182 1366 42 1258 1862 2007 1070 245 1041 200 394 1356 726 443 401 449 847 423 897 131 1846 2068 1487 57 1731 1960 240 813 423 1485 1889 1488 363 1712 195 1309 544 601 1641 515 1325 781 103 1098 1633 145 473 394 262 356 139 573 172 957 409 1572 608 1589 997 2036 770 557 1909 1657 1832 33 1432 1617 1583 1020 8 745 1023 83 1676 267 334 906 93 619 842 1873 121 1412 1378 96 485 1868 1841 504 1344 1743 148 1815 1157 633 736 265 1507 141 1658 54 1809 768 1332 836 1360 266 1487 1826 952 1511 43 222 1617 289 944 1261 200 735 937 1132 1705 1956 700 1583 813 1908 1717 411 1727 1936 1555 59 1733 1886 646 278 133
27 2140 305
2021 1421 810 872 870 1690 1044 874 1514 208 1774 360 1921 486 449 364 1420 2128 1698 1766 1280 1485 1213 1556 1034 803 1582
19 4182 803
3299 1026 1146 930 3413 298 1029 2681 2718 1609 2561 619 2540 3406 1234 639 36 3472 3523
70 2146 692
1980 1540 1420 1086 1120 580 378 1628 786 576 1324 1768 1189 1664 1981 685 1269 472 2098 872 1499 847 884 638 975 619 1798 1180 1184 1314 946 1710 532 111 1902 1917 1101 1777 1203 988 1490 1946 916 2112 45 730 623 1970 905 293 337 1313 147 1804 382 953 1829 473 302 1885 1961 499 1470 1429 840 1801 1373 1619 1050 622
177 7136 595
4870 79 1639 1108 6800 5912 2319 524 6404 5981 2196 6968 6969 6671 5114 5764 4185 2636 4591 695 4349 4569 6994 6192 6276 5431 2646 2312 6704 2645 5342 5817 2404 4526 2474 694 1659 1257 4682 6725 6799 1283 3447 2997 1224 4580 4422 1636 5446 1206 1855 1314 1976 4802 4814 2569 5310 1030 5620 5691 3461 709 1874 1179 2687 4676 4784 2774 5073 457 1702 4450 581 6552 1675 1748 6272 4887 5045 4890 5710 5064 5228 1896 840 3272 2852 5629 5570 2096 5474 4743 6252 1892 5053 2776 1681 563 3175 6335 5241 4846 3148 4553 5380 677 5394 4488 4176 1473 6023 5568 2620 5358 7095 1172 6525 6917 811 2172 5567 3976 5321 5752 5945 172 1405 4285 5965 3887 4380 520 6817 4154 3167 5288 6654 1657 1697 2881 6801 8 3865 3614 3334 5148 5144 22 6570 5302 1783 4436 3356 4871 439 6154 121 6580 172 6917 5505 5863 3232 5269 5895 2508 3459 5430 4985 717 4096 728 2833 4504 6342 4538 1486
138 8525 294
687 2124 3389 5857 1486 1648 2540 634 2401 1508 7839 3061 1692 4122 5814 1457 2997 7025 1816 1775 5870 871 6398 5890 4852 8193 7107 7408 28 4034 3530 4148 15 725 2946 222 2149 4254 1493 593 4175 6687 1619 7234 2210 4216 6671 8129 3580 1424 1836 4742 2153 7009 2374 1330 7795 2734 5833 5029 1107 7398 5650 3430 3934 868 4327 8126 614 3140 5268 1879 4329 1651 8170 8078 4898 1927 7696 4169 5540 1172 746 2673 8014 561 4582 4118 6158 4326 5904 666 4372 3328 5170 3055 3522 2219 5905 5898 3786 2206 2665 5175 6808 3783 6662 7490 7414 1576 2331 5834 224 4441 7421 3268 5407 6845 7096 1407 297 3899 4062 511 4693 7194 8385 8390 1290 7197 2639 4203 5420 3813 8073 3551 8313 7341
79 6128 400
1653 1492 1422 2456 5278 3122 1855 4517 3504 2499 3280 810 686 2697 4140 3652 3908 985 5985 3973 5766 4277 5699 3712 2920 482 3666 4438 5817 1728 5612 2067 3083 5538 973 4554 170 504 5629 3108 3813 3447 4678 1062 5705 2551 6123 2739 869 769 4906 5482 2855 5272 5031 250 2493 4859 4664 4104 3474 3652 4331 2504 3533 4036 5646 5289 3822 3816 1003 4820 4734 373 4216 3865 994 5491 640
1 149 218
147
191 5909 447
377 880 3502 1216 1951 2790 3224 758 3756 2445 5112 4485 1397 280 4534 4666 5426 4343 668 1085 1516 1985 5200 4199 440 3090 93 2074 4555 1270 5123 1144 4935 3287 4885 1026 3467 1395 2183 5302 1643 158 2038 1092 5745 5523 1941 1719 1024 1575 3733 5343 2426 498 5796 5353 3584 4332 225 401 4225 5739 1895 4881 5493 4213 5689 1753 5850 2556 4 4634 4772 3401 499 4401 3575 738 3476 3164 3503 5544 3091 4859 4357 2136 5895 3218 3472 2852 2604 5332 2604 3672 3373 132 5124 2644 861 3973 1578 5230 1103 53 4959 2301 4491 5300 4542 2401 3521 5684 4276 2484 179 3601 1524 4830 5672 2014 2986 3087 3876 3025 3384 5846 1328 58 81 1692 5593 798 578 1745 5870 1201 3971 4413 5561 4142 1907 4761 4917 3937 3283 3610 5266 3589 3940 4215 5408 2703 1715 5139 4210 1180 1069 4715 1533 465 457 1569 3341 1674 775 4655 5032 4848 3695 5772 3438 2036 897 3834 2045 2079 949 2592 1726 2087 1886 2164 4179 560 3507 2799 5311 586 5512 4306 5546
140 238 352
29 127 180 155 75 187 168 175 25 13 154 45 57 222 32 229 177 77 118 100 218 179 84 180 185 21 94 179 191 10 233 89 74 96 135 87 66 147 117 41 110 93 136 31 25 234 72 43 186 201 41 229 149 18 219 140 24 109 92 14 23 114 31 80 156 32 165 24 208 195 128 10 228 45 74 205 227 53 32 7 54 223 111 147 216 108 49 71 234 60 157 122 152 119 83 21 143 235 231 164 41 216 178 218 171 229 10 22 14 57 216 15 154 3 31 151 14 81 199 130 73 237 12 29 105 16 175 81 46 230 135 237 74 111 108 164 113 83 90 34
111 1482 302
1006 1388 238 653 746 78 1244 1247 1011 1403 499 1057 491 348 425 299 13 1124 674 115 255 231 89 1479 1474 1296 391 171 1063 857 1155 979 397 416 1235 1019 342 1345 1098 213 312 307 665 701 785 656 524 679 684 916 495 23 1346 1028 852 1312 192 750 1187 1364 1100 1180 384 83 787 1388 71 952 1210 214 524 1471 766 934 861 59 435 383 172 1383 428 446 1466 31 1433 939 1461 686 183 1409 641 1018 907 196 929 416 1012 499 565 5 678 163 1373 544 1325 466 454 1008 116 928 975
147 8556 649
2498 2962 7003 6983 2652 4165 3489 7169 2489 3836 3860 3859 2207 5574 408 7534 3816 782 8351 7080 5906 5299 6041 7411 8133 5862 3102 7894 7342 4548 7724 8376 6929 6746 2136 530 1819 1007 1395 8450 2483 3545 7952 5930 6669 2906 3647 4929 3847 6319 7218 1429 5078 888 7268 5413 2350 2569 3786 4619 408 3232 3356 3542 8546 1449 5567 3755 1038 6809 1434 6938 6446 8034 3029 6789 1587 6377 2887 5728 4225 5924 2444 7895 3398 1580 7453 7218 7213 6142 2076 1454 1272 6294 2127 8423 3562 4992 5985 6670 8002 4339 5425 6489 5154 239 535 2091 2382 6000 4067 2953 4254 787 827 4636 1527 1870 6395 2081 6179 4081 4393 6061 6405 6259 4054 2146 6344 4727 4580 2105 7621 7952 8549 1715 1269 3601 4948 7434 5021 3190 4849 7808 3744 4282 181
66 1558 130
1063 1354 493 1004 993 600 273 397 913 1481 1322 1282 703 925 1420 209 363 318 1401 1307 374 1347 1121 176 1231 799 262 1439 504 1290 590 373 1387 17 137 574 1179 1171 1490 838 1252 1272 1521 1438 183 33 1217 634 548 888 1440 294 1325 747 31 512 730 690 1048 426 1058 1052 1549 1280 1477 713
193 7330 342
4088 4193 6362 5799 3682 3284 4641 614 7108 5522 7230 5164 1401 56 6820 3533 6220 4212 4353 564 6450 54 4520 978 1566 806 5655 6004 5898 5633 6537 7050 2315 1388 962 1121 3937 22 2937 4157 433 2097 5847 1776 244 762 4343 7261 1511 2773 213 5693 1452 766 2509 4192 490 4426 5706 6831 4321 604 1556 742 2707 6354 3683 2045 4452 2145 1922 959 5126 2208 633 162 3125 1902 2266 78 6538 913 5666 3546 987 1643 7286 1289 3297 3989 6662 7152 5192 1196 3579 1109 6977 3192 3208 3564 7011 1141 274 5520 3050 1119 3797 3453 2566 4672 5956 7214 2067 7084 3433 1283 333 1228 1048 6457 3872 2105 6988 3250 22 8 1809 3224 6423 3140 5311 5337 1563 2831 1595 2420 6738 6048 4690 1644 5676 1666 5971 5322 3950 5893 176 2201 4283 5615 1841 3634 3369 4344 2288 1162 5497 3458 4947 2606 3847 6813 1271 3865 6310 1730 5950 5583 2571 3989 3142 6129 3215 2996 4891 202 2891 5900 1158 4544 3814 2945 5507 2212 3495 3786 421 195 2240 5813 1701 4045 3263
10 4822 543
3610 447 3051 3182 4585 1360 4750 9 4201 4559
14 5760 324
2424 1891 1994 364 3159 966 2903 2315 2118 189 3294 1748 1047 3460
2 9047 967
7765 8352
2 8712 238
4582 7588
37 9634 370
7819 7451 8024 2334 5202 4268 5191 8439 7680 2456 1929 5709 9463 8546 4237 593 1041 3130 5774 5286 6552 9452 4009 2858 6759 2518 3079 6928 7692 9115 1789 5538 1438 2280 1363 1072 8321
35 7436 74
2506 2444 2445 7045 6462 6735 2677 4631 6510 2318 541 4429 3709 4377 3305 640 7002 7178 2135 1447 1730 4368 4611 6913 4395 5994 5056 99 6543 4990 6139 2812 4298 630 2443
31 6075 117
3894 3133 1687 5786 5319 1195 4599 5516 2267 822 2686 2416 2214 433 1288 4853 943 5614 3264 4931 1164 5714 1297 683 11 1256 3036 3294 2318 5921 2525
90 9509 209
1207 1483 6829 2756 3070 6198 677 3154 6904 2838 6463 4288 3461 8438 3997 4757 3489 314 8988 4287 6619 8968 2005 5734 4981 2564 1973 7571 8649 7264 6984 1729 8506 5048 6299 5317 3182 2032 6958 6662 5935 1238 7857 5138 2205 520 1524 4169 9295 8135 8186 264 4175 7503 1043 2403 5932 5108 4876 6192 1659 6449 7824 3037 7694 4621 1664 1010 2726 6572 8997 5172 6413 2614 5913 6470 3818 768 2859 5291 6724 8574 5 3512 1356 3342 7193 969 3342 8971
190 147 234
34 33 109 114 20 92 8 14 79 1 20 114 33 100 69 112 52 42 25 11 122 23 127 126 102 48 122 60 49 81 64 50 58 135 26 110 4 98 49 99 48 25 137 143 9 29 34 121 85 20 20 27 138 46 78 70 33 101 60 39 29 91 97 138 68 32 110 126 138 22 62 86 107 16 112 8 92 29 3 20 34 86 32 119 82 1 18 86 33 136 3 44 91 2 104 141 75 34 58 66 36 92 138 66 58 5 3 124 98 10 56 17 47 103 130 83 64 113 110 12 49 135 16 103 125 16 4 77 78 102 127 112 43 97 5 56 31 3 69 23 69 79 14 53 83 30 7 117 94 8 125 6 84 125 76 38 93 52 24 113 31 85 141 67 56 67 92 24 101 16 127 101 30 26 131 117 140 85 39 28 115 121 110 85 26 76 133 126 14 9
135 4163 279
2972 691 2007 3975 3992 2639 2041 1801 2432 2673 2341 3371 1261 1564 2064 3324 528 2040 3629 2256 1298 2565 1872 2374 3933 3926 3839 2168 314 984 3062 3245 1404 332 2586 1547 1481 3994 2201 3118 2148 3540 3547 2683 4161 3510 4024 3831 3137 3546 3773 1757 1495 2762 1586 700 1736 3874 945 119 2966 3026 617 209 2219 2931 2918 2244 2599 2233 132 3228 2926 2753 442 491 1514 2688 385 1186 45 1756 2249 37 2750 3528 3583 697 1771 3875 3568 3070 3483 1613 3422 3367 1544 3963 3502 2631 2593 2645 2520 1398 420 1583 393 611 1186 3643 3930 3772 1459 283 771 134 3610 2947 3437 1361 2067 1181 679 2406 3909 159 2390 3391 1964 2165 264 1160 3802 3550 451
