10
39 8810 845
3618 6559 353 7876 5652 2100 7443 1093 5105 4186 2394 3378 5181 3298 3507 6656 5343 5285 4689 494 3961 7686 7462 5464 2969 4413 673 2212 1992 4474 23 7298 6067 6703 3685 2980 4108 8782 2573
152 717 719
123 539 449 317 47 713 143 182 711 213 615 693 136 366 15 388 619 675 33 266 327 233 386 19 256 248 478 466 481 178 642 698 566 228 155 677 192 366 94 218 403 327 6 293 453 291 389 694 340 486 44 579 169 667 47 35 478 166 63 184 607 26 702 713 393 463 81 132 30 35 194 512 552 59 420 206 335 619 131 314 324 9 362 338 23 147 532 101 81 186 402 308 527 464 119 675 648 278 230 153 624 14 70 658 393 348 500 249 259 586 55 533 329 111 482 662 667 335 62 460 25 597 205 120 367 503 385 153 618 107 98 92 469 365 86 195 61 403 383 1 617 625 164 246 410 337 589 472 669 554 468 340
9 7504 570
2531 6916 3800 4019 4405 4597 1356 7422 7220
176 7346 873
4089 5173 1732 5135 4073 5155 6224 3903 5527 1875 4308 1636 2178 1777 3739 5163 731 6032 5203 6420 6441 3570 7133 6304 3099 6119 5747 1691 6890 2859 4481 3109 153 5977 5720 6567 119 117 6190 2924 1008 754 3638 5238 2375 1148 5616 4748 1138 3043 5816 4635 1856 1589 6671 1380 7329 4830 2371 368 6628 2478 1406 639 6051 4485 4938 2828 2266 6897 5748 6741 3079 4054 2553 5884 6755 92 585 3627 5820 4626 3307 3645 4302 259 3071 790 424 2185 6289 2508 3207 1220 2312 7105 4863 6337 6921 3043 5354 5129 1044 1563 5440 3308 1058 4570 5962 3829 4731 3516 1263 2727 3671 2944 1104 2368 1913 6136 1076 146 3602 3893 7049 3394 6291 277 6558 6315 697 4199 6527 937 5254 3650 3943 2341 3096 6578 1350 4804 5502 5077 2374 4935 2210 2973 4284 6868 4634 3627 3729 5368 1817 3523 5694 4202 504 2841 2543 3306 5630 3524 2551 4619 5704 2799 266 5840 5715 3481 843 4961 4713 7081
66 5397 664
3859 161 1734 363 4622 1214 2646 3959 5212 385 4716 4494 2656 460 3096 1516 1418 2277 2652 4439 1892 2077 2166 783 5210 2914 657 4212 1856 1217 1509 274 5128 1107 2503 2129 1027 1159 2575 4457 4044 365 616 1137 4929 1098 2494 1123 2051 3557 2488 331 3291 3519 5314 1524 2712 5146 4769 1338 2058 2893 1516 1379 1251 1949
92 8796 680
3011 533 6464 7925 5248 2623 4273 6599 4146 505 5037 4146 5092 8475 8594 1761 6975 3110 132 7010 3233 4924 6332 1186 3097 2868 6545 7291 6123 704 1291 1905 2076 630 732 5967 8347 5747 4305 4781 132 4989 4561 3350 2965 4984 6212 6533 6011 7451 8765 2416 3437 384 4269 2480 1997 6804 8432 4328 5933 8384 5910 871 3547 4081 295 4059 2015 1437 3264 7576 3556 265 8716 4251 1798 8471 3730 6099 2256 292 7625 1011 1380 4076 7976 6963 7324 495 6883 7430
34 7662 116
729 86 2673 1358 5968 4404 876 5170 4422 3248 6715 4538 5420 4515 6585 3822 7066 127 5048 2384 2099 5874 5334 5979 2737 4526 16 354 7470 4917 1045 2258 67 3255
195 2179 106
805 1319 77 718 960 267 1574 1914 1010 370 1702 1442 528 1000 176 661 529 220 1861 2093 1043 790 2119 118 806 395 1343 325 1458 180 1929 625 1395 1278 2129 882 893 726 430 1069 2172 96 50 895 1846 67 1861 561 849 31 351 1010 1373 49 208 1235 1686 765 1096 622 1083 1249 1304 644 1281 489 1324 1113 737 282 1318 1429 121 1916 1755 2156 2031 1059 910 331 1351 2173 2077 968 616 1248 626 2043 1452 231 844 48 1462 208 1850 295 791 1843 1851 2173 2106 1836 1628 1180 164 563 273 63 619 1414 1458 68 2032 351 1014 1892 1370 818 883 742 1713 1249 982 1602 2042 2047 49 156 1918 1806 792 1396 156 540 2149 2050 1764 371 981 741 1892 330 469 2089 1683 2102 131 112 91 779 686 1456 2024 1042 965 1993 1158 1963 116 322 937 956 556 1209 1669 1468 1104 1367 2139 86 1575 904 1657 556 1668 1328 1573 815 634 2009 1497 1286 189 657 25 2052 580 2176 1688 1992 1441 1581 1459 1932 390
124 5830 410
209 3752 1772 5537 5685 790 5552 5507 4584 2916 2906 3103 1388 3009 3229 86 3731 937 5585 1347 148 1527 2433 5185 1083 5203 162 846 3698 447 4705 1560 5697 499 3721 4067 2819 1159 4768 2536 2979 3324 1977 677 4207 4165 686 5477 3450 1884 4151 2464 2612 179 2945 940 3176 3411 2017 842 5502 1418 2252 3026 1777 1576 5022 3973 3675 4056 2341 2831 2664 3325 3172 1919 3039 3864 161 2719 5443 3941 4332 2955 1096 3459 1859 5418 1386 794 2688 282 1441 5630 5427 223 1089 1491 724 3680 2997 5068 2822 4549 2314 5681 2119 1367 1922 728 886 3489 146 482 3852 1870 3343 2253 3859 1298 3816 5796 3944 4281
40 7759 548
456 821 2196 2558 5523 1543 1338 6296 1224 7124 3504 3156 1801 147 7712 7657 479 4072 5690 1027 5518 6368 4499 5531 397 5957 4197 217 2210 4914 6804 6882 4990 636 2014 6584 3584 2205 1210 6062
