100
14 804 34
67 48 470 751 147 221 361 399 448 229 199 644 664 268
7 624 8
166 103 107 84 288 477 538
5 722 65
509 599 223 211 479
18 208 63
45 47 85 182 172 173 120 126 164 31 13 64 159 77 3 133 94 127
6 733 103
296 511 222 377 89 71
13 20 170
18 8 3 4 6 2 16 8 8 3 17 13 3
5 953 122
418 230 361 39 387
14 286 188
177 133 113 222 35 220 238 55 24 276 268 204 93 234
12 312 180
140 300 199 152 33 103 116 60 212 58 247 22
2 898 156
354 174
2 571 190
75 416
6 45 138
36 25 41 43 32 29
12 111 6
40 24 90 102 1 1 39 110 16 55 62 21
1 637 72
167
9 115 34
20 107 114 104 114 46 79 107 77
4 605 39
335 82 28 522
15 237 41
182 38 96 169 197 72 95 220 15 112 84 117 179 110 60
2 903 126
804 228
11 579 141
572 254 474 443 59 484 57 467 249 33 133
19 822 56
467 777 162 468 378 30 297 76 669 752 816 556 498 298 463 35 224 406 566
18 894 157
671 822 708 627 561 620 383 853 676 420 243 353 854 745 582 865 331 404
17 620 97
602 602 427 91 481 560 265 191 83 592 123 548 403 248 204 300 68
1 24 188
21
4 861 126
214 850 294 824
10 85 90
33 29 51 33 5 49 36 72 1 82
7 243 173
98 152 231 55 59 153 58
12 382 168
248 99 361 197 240 28 30 185 347 263 260 34
1 566 171
182
17 592 104
484 95 194 349 526 78 337 524 519 215 104 306 228 553 184 452 114
14 321 132
232 174 278 229 126 64 106 254 183 36 269 113 68 135
6 795 84
139 282 615 620 747 241
13 697 4
642 344 441 640 517 457 574 546 627 154 199 256 234
7 636 139
143 126 354 396 216 217 504
12 101 30
23 58 89 100 45 6 69 34 31 75 68 25
16 838 67
831 658 459 84 266 102 420 677 706 196 51 352 240 721 50 54
1 739 62
30
5 325 34
187 286 31 309 11
12 949 62
74 242 108 569 245 926 263 737 647 549 552 431
12 473 154
266 97 438 152 366 411 66 200 416 182 409 77
13 162 23
116 72 52 33 114 86 137 32 43 113 136 65 89
12 732 99
652 209 269 335 6 66 311 209 234 328 335 410
15 848 150
468 321 436 92 175 543 324 168 178 86 208 135 3 233 47
3 760 195
445 340 405
3 737 163
185 439 186
16 681 160
593 176 259 612 362 316 36 622 471 481 469 544 129 256 187 470
19 460 109
396 188 31 124 404 19 277 76 54 227 366 13 158 204 144 157 353 11 457
18 392 41
294 142 47 129 302 386 39 92 213 130 376 187 262 225 77 109 325 143
7 450 65
316 1 429 65 117 139 434
8 372 150
266 171 348 318 123 36 231 12
3 770 41
247 162 650
10 331 8
271 24 130 236 14 197 198 118 197 139
17 656 64
634 14 465 89 487 277 410 339 377 327 42 576 21 518 78 377 334
0 687 14

12 167 134
115 76 109 85 21 31 25 72 62 133 17 92
9 978 17
294 33 710 568 290 894 199 903 584
1 458 20
139
4 255 135
53 196 210 188
16 154 178
29 6 28 42 125 100 21 29 108 135 44 94 144 53 29 99
4 873 123
358 279 532 19
12 893 144
117 290 209 69 74 719 242 649 365 197 352 423
18 420 73
144 20 7 66 196 330 303 343 217 379 260 135 31 361 278 240 397 417
1 123 27
18
12 225 106
224 123 197 19 166 70 88 86 35 36 166 115
7 128 37
65 65 49 75 81 36 31
12 858 162
530 538 519 208 415 546 705 457 100 687 119 720
6 166 35
115 140 162 130 145 92
10 63 136
59 36 11 61 37 49 2 41 53 8
9 243 99
201 148 58 238 196 2 239 58 102
14 442 4
208 13 258 282 365 400 98 5 185 384 321 214 163 371
17 962 145
904 778 337 328 353 718 877 410 175 641 826 553 28 70 43 835 915
8 882 188
98 817 695 261 71 489 784 170
19 562 61
115 351 201 40 430 15 476 431 86 247 425 472 390 161 67 66 432 350 190
18 518 96
109 457 337 259 271 148 460 406 166 119 287 243 321 467 120 70 102 361
17 788 50
415 699 428 417 739 169 67 172 749 119 433 650 634 495 319 353 116
0 2 148

8 757 69
437 69 339 661 169 573 635 280
12 887 88
725 612 837 508 810 424 216 248 275 465 780 411
5 434 147
124 141 194 102 49
11 496 16
342 292 143 262 206 136 422 290 259 282 126
9 569 121
318 357 128 243 124 224 529 423 132
15 500 35
37 112 242 258 378 353 158 183 221 44 422 251 48 65 105
18 205 113
15 110 1 86 30 120 99 196 195 176 39 115 81 61 5 198 34 140
0 287 149

17 591 186
81 541 208 89 224 310 574 10 254 340 198 336 398 527 500 282 248
0 983 46

18 490 114
401 38 172 73 336 409 64 435 459 104 45 133 89 1 6 454 84 245
4 971 93
494 242 361 815
19 712 143
466 185 711 107 708 710 33 574 524 200 311 456 116 417 117 498 602 180 210
19 187 89
105 97 134 156 159 172 132 29 93 13 28 40 62 137 39 134 43 88 162
2 238 112
123 111
10 513 47
508 49 10 191 57 107 19 145 163 119
5 339 51
14 50 218 323 83
3 92 172
15 90 7
2 117 95
29 28
17 422 189
45 191 15 351 367 405 311 254 60 303 408 227 302 274 75 409 100
19 602 132
35 579 589 524 366 578 246 417 373 48 182 436 593 322 297 406 32 71 77
12 124 151
122 83 88 106 16 39 119 88 36 117 14 101
7 581 147
89 452 162 104 263 250 444
18 429 122
367 250 102 264 294 285 199 64 143 9 423 283 101 75 103 235 51 135
6 974 129
531 324 807 673 91 860
