1636484275
2
1063920
3096160346
14218355
43393399
1071
7768287641
491821727431
145531
2826568420
63822157
564915
3827078
4283687210
13364101384
812317
25041381
188
947239995
5074179081
29872823659
7
5
2
3879
23
2845
74561
3789
633
3152755975
474376349787
4046460
21538233
10
16632894
16
112
627278533
47848
25
396503
113353644262
124
36643
1895958343
63775592
33
202054840
27913375
861071
2346126
2834
95896357
3461954264
88
195968927
43485
90529
7829857
340294
216003538
5
2395613613
10972
10822254780
64922052
9617072509
432
44
560835513
5464559009
165115374
2080529
9172
125
29304958169
6769
87
43791
752849961
7
53
4502662392
115189
91025200542
165914450913
286559590
129696
80728
89932960
7
23433342911
300276224
713455335
95532253694
5
271337755764
3473213
19412062939
261289153
15711825815
13182
6
952
53
3
603
2989
48353
5473
1366927
2195434973
372195577165
61074006
37
201574
60433770
880
31725285
168814577433
260440
175
2512000109
31471
82078
491
681423
430710984
353
62
15026862248
117
3
37
2
403
1141183479
2389566238
110
983284
1074176497
25571
3170
15708
59
5420767
379400536
5
2
4997797035
939
7064
31745
325251569809
389973347
33106111
117
75189575
34187794804
14254
2775535
2900484047
7
24008
41
203980227446
1072
52146370
163366910661
5837338289
15679807897
190406478
49621666038
130587648
22163907192
210501470
520322899912
67548383435
6205252149
50715839093
4414272758
15230
15733
145068793
297184
983315044697
443965
169400698
2295
31064815866
510720262
64899999273
2
62
146438326377
778730696
12303458
11697193
72806945349
26
12695011
15330636231
113713
526
5
3043
352653
108730
46687401320
4952
236680168504
979552185
5881
4168213
16
16379397499
349898182
76708
187315
2690464302
20225
31
752212231580
641
58652
1032539
57865181
152919948068
57304
18228
11895
1267
123
89
384788
112546
17892604
3
1
259710
43154
2976
49
10810591
202589
130902345544
127980062832
1632
6
32137552
984307673
5670960562
128981606
524201
865
247
110396899
66620
8538
450626279
6828
5926582275
459909
459314109
209376087
9676148
45045040
253661629
66224819394
924174
1814
196863
3
1839
132134
2443870
61265
11384182
355816
23520
5597359
1850408989
450975322825
3899670
5
11544348720
92333958
2484155800
2423959965
232930370755
135
1
52
107177288
434090056
12511636408
5942
180567022908
2014292
1707002
202880841
3
124
199191
384433188
281677840396
16
56070196
178871231848
76
98
126733766618
151
6488
44069
6
52
192714596
1674946150
154
13112066
58054917
10
6
235116860
94860
79011
84703279618
55619
441851294042
880258
267111
2
14
72742
200981
1931
5382146145
8146470506
260769
247284686593
100
4538
2289
306180561
369356929
5
2483
762741919493
11
18792522413
14
880574374
37676830
7617
6220
165420
27648
1278559030
6245140
16
10
5196
238012082729
276430433391
108289052387
773452
1683869944
2
216521444314
8779527
1389
28148630734
20715606420
111938313
61392
14
271127325
76031890181
13305
6631684
7659913117
13514305878
41404
14694607
1994
684922
520
516576
28
27241
1956518123
7304070891
382149339
80109
8636483
968369313529
44
219
12
11808908698
2
6426945899
5575782
32097889
1195001
4548955
3871
3391099
1440114
7012
31
186263000
872943
15916969472
17667
8790036
3629284660
21303302663
360092292419
18941
1975997
16371
2
1890407129
47
26590189
95
5
8173
15004
12341087446
46292
2516072
1041
229537715
1
507831619764
162432
27722
282423705
791
51167006
229
40119811404
28577
36894
1296
1718358898
33774
1102883
5425404
916894
7819
7
13286670
244650397157
29838
141236081
928624333
3
109771190
21197802
376828136480
189046
3858
22083214121
26427879354
16160400
8921
26154519
447108
55
26627873
34978342
257357918507
24072845034
520
10186
362586207542
187626
1223957079
263569972037
256212
626
43
112505667722
15050593793
1767058
12625877441
3723
545499580749
996746099739
3808
1587
109332
5889216
566034915
984
11090976
5
499125469
2
465421845
21938039594
424184271
4802
467318888
55
340561027
687263
109699
2772788
103722894
942204
7582795429
1168
6
8647183284
3239357116
51171306
187587
42588013805
60998489534
1016
31590255985
61
19
1703
5041836
299366554
97983
109551417
10089138189
2635765513
6
49148562391
24550138780
202277
463376
1720467407
109
78452641
423836950
20
16503851913
149219947
63285993
115
239
28897844
1665823
5
245501
47950191652
833924
1
129
2515
25736660
8321727985
51
42633432
273
220780
10775561133
345
24
42
19722400
808585311
22812632706
1339748156
30383682
7652992
55
6580
10508363
23
39709
90
6
30291236484
4
111110542
83926986093
51
306
7176158
510936
21
14
17309
1885535
3584
24
145204958138
198
15668824537
205
10125440
61235514116
83270249132
353701
32110837
138
28900923318
10
132464
4640200903
1042454
740269618
3936
372385
101492634
3163319
1
263721445065
1270
714
67304212874
88534754757
1539635873
7791
18
223
74
99852680
54
1117863
1227662078
39162
825
2
8423567428
564994272
8753
5311
56937911842
3587690
136648796
609042732356
114
8235
96492
10
1629877912
8372
30239266053
15082778311
7494653645
44003838
435222031263
4737832
289
32816265414
22174936
2
5724
5665
7717821
325317501
126
1312
47440328
111
267636825667
85497912
150387307388
3893
62
5569083
257015185603
469
21549776026
2094514
480956
68724403688
26154779
4143793
121
539778627736
11311984
14993044165
371428
23904999790
65639349618
1002729
178144
30644175086
952
361
239
83424113242
44365351039
27422
1
4095107
4952468030
688
479319
2931
7785
3564
24925
10510
402119366977
10
608797
56157140115
166
1552
829
95920
2039
12625422310
20206683525
3873
1097292383330
91
995930
55
134574316
604047
2
105551044
155
6558
1724165963
19
22549841414
42027
6890711
191
1906180922
45732963879
151070
13960130
107818516311
47
13717217892
33188294618
814325313482
54718916
34991202
247653822
51286745
597206967
19
536369537
1082513169657
3668567
110583
22523986
189495353
48464
172820709945
24147
3851552
26
117246
5
29
1358643758
30047076914
14
1872222
42126039898
28368347492
743484550
538999440436
1192
662252414631
164406892106
2554
713127
105556941028
32206740
6905998643
19374151
51102446211
22
244
7
537308
1327395
1829
4397503145
154493
66929
8
11
838265
2
1759
1
468
158302
1687
360629
29439817477
82
3490
92
13977
7970583
270751162785
2345005756
1
25801671
16
4218435651
3989642914
545342653043
971130230387
25581342
107411159
129664
1
61204901
211694089515
359723425
377157
2
3959741951
56852
52
40081590694
513536391033
33029
3145251
48
2493253
65678424538
215122408742
151749058
373
5
59254
679
94232261141
11
10
74294
25909
46808
7
28
807
574215316
5607146794
1025205340
981
60332544
2
5826088189
9773834204
55
9400219317
32667981
154436236
1617507238
10383281852
29
40618
1653
171323477
11
106361
4060280
943573
14473
1137537
36480
5411
68770
486274637
215
59
6513
1138
945439319
14127533292
4831935
4638
69
212093745114
38751526
242938
564067
84
407412365
3455626934
43807993655
819
3763
1031730830
155880692
405019
3032303
122815132
15486587880
204833780374
116495743
129036413
229232744261
2534840810
695062
4470340457
421
1404
3941349
61041494
466
9695428
1853
7352
18572569
3
10547959
6
259379
172990621
130392797
123874216264
2539196
117984327336
19136
7384763526
280700383
8516
31
48
507648249
14511677
2502660188
64942442
393
117545400
578477512
134137
111
3202159
139639511
117
223725395277
2
415362550895
9260514
7436069337
17061
56
10924
4465
5
63
32501845820
54
123810939
7
3567240278
7484056103
82711747380
17335078654
14279560
38
101
17565705
12265019765
36707
1021410517
277819816
87839560
273
352
14892
115041
364370
440
63
244446
326714
6126629
1011
90968518
385325712278
4932099
1176
1496
89479339912
1
5
10
3864893720
101009406
1
5
773317209256
