6
-78 -23
30 27
-22 48
65 90
-89 57
32 23
21 0
15 74
26 75
19 74
71 81
7 32
3
13 -19
24 58
54 -57
38 46
-13 49
96 22
2
25 67
71 6
25 16
43 39
4
69 -3
87 53
17 31
50 45
7 -18
18 72
24 -85
68 79
7
24 49
98 86
-49 -1
83 79
-31 -44
65 70
-26 -58
38 33
-70 -28
16 58
85 -84
66 63
82 -86
80 25
2
-92 84
16 86
88 -63
66 52
5
50 -96
6 84
-28 71
80 19
-13 -99
80 22
-32 23
73 28
92 40
97 84
7
-94 98
57 26
-39 -11
98 49
88 31
20 9
7 -87
72 72
1 83
27 70
-14 58
67 42
-48 0
23 99
2
87 36
78 53
1 95
80 9
3
-62 -89
92 86
13 39
9 76
63 -15
35 16
2
17 -56
69 18
-72 -97
62 29
4
93 -28
35 90
76 -100
89 3
-36 -66
67 22
97 -23
36 92
3
-10 20
73 83
-1 26
37 14
9 -61
37 53
2
-99 -24
42 61
-9 -56
44 86
1
-52 39
62 43
5
83 40
22 1
13 45
52 4
-100 -86
79 2
-60 60
40 7
14 86
18 38
6
-55 -39
66 39
-41 -64
31 40
-29 33
75 71
-65 64
79 73
67 -80
44 44
-77 -75
52 20
7
-68 13
97 61
-74 7
52 96
39 23
19 3
69 -8
43 97
-60 79
57 19
89 -4
27 1
9 42
18 74
2
83 -27
79 11
56 -65
72 98
5
-42 -100
76 13
-20 -87
80 17
33 79
79 2
50 -75
16 55
94 23
46 41
2
21 -90
5 92
-16 -27
39 81
7
-39 31
7 78
-64 56
37 94
39 30
64 41
-69 -4
40 55
75 -10
68 52
-16 72
93 42
22 48
8 3
5
-75 -10
27 14
-68 52
90 66
95 -53
34 70
-81 -4
31 95
30 -8
23 29
6
5 -2
58 32
44 24
77 41
12 -25
2 20
64 70
60 53
-19 -21
36 92
-71 -90
56 43
6
-31 -40
19 98
68 -94
68 60
-25 9
32 8
12 -23
69 60
83 -73
85 64
-50 -84
95 47
5
-88 6
5 37
98 96
29 69
-84 -80
94 76
-83 -5
72 84
-96 97
12 3
6
56 85
30 41
-2 -23
94 24
49 76
10 74
-8 -99
78 33
97 63
27 6
8 1
13 63
5
-61 -90
37 19
65 -31
20 28
91 -9
27 28
73 35
51 44
-84 -34
51 79
4
-96 0
5 86
-96 43
74 79
-16 60
86 85
-49 91
21 21
2
9 43
4 0
-25 54
89 14
6
-77 -1
92 67
-56 -2
28 79
56 -54
26 82
27 90
61 85
61 -6
42 88
-33 -45
10 4
4
-71 16
40 21
8 -60
25 8
11 -14
8 37
-13 17
12 71
6
-27 99
56 73
2 -78
29 23
-55 17
96 83
-25 -40
37 78
85 99
19 10
94 -80
52 95
7
-49 2
53 34
21 -55
24 30
-48 38
83 92
16 -88
84 83
86 -20
67 43
74 -99
57 36
-85 -81
36 78
6
-17 -68
35 50
84 -94
41 73
36 68
46 31
69 -4
11 10
40 -12
7 35
92 -8
78 67
6
38 -76
87 46
-80 -8
99 31
-20 -92
39 81
-83 49
86 44
76 -48
37 96
26 13
14 49
6
71 -72
72 65
-91 82
81 97
-46 78
79 49
-88 83
98 47
-60 13
68 2
-13 -60
72 74
4
84 12
62 74
97 -15
82 73
85 -5
4 89
-50 83
21 43
4
-39 -73
4 89
45 63
71 26
73 76
58 41
9 47
77 30
2
-14 -37
31 77
-8 98
6 54
3
-100 -60
21 94
-3 43
1 68
-52 -34
78 37
4
-98 13
38 43
-16 41
85 25
-10 -60
19 37
55 89
77 60
7
48 16
86 52
-52 -51
12 63
-42 -60
68 11
-31 77
77 45
41 -5
29 96
-20 -26
66 82
59 -30
61 87
5
-79 96
76 10
87 96
71 91
-47 -80
65 79
51 61
24 22
96 57
65 30
6
48 -64
18 47
61 90
2 83
77 57
58 22
-78 50
99 4
63 34
2 91
-86 86
38 18
7
43 -61
36 67
4 -15
91 80
-32 55
95 94
-52 1
36 55
39 -88
55 0
28 51
41 71
15 49
73 68
1
57 -75
12 18
3
1 89
93 51
54 32
66 18
78 -48
95 59
7
-17 -35
73 40
91 -57
68 83
-53 82
47 44
-64 -65
28 6
82 -38
56 2
58 -21
53 60
4 32
86 32
1
-13 -41
25 35
3
57 -78
62 89
5 -25
41 63
-60 5
84 73
5
-62 -36
82 90
59 -20
92 49
76 -53
37 82
19 -52
19 74
-18 -13
46 39
4
-17 -26
3 49
20 61
89 89
0 12
19 68
47 19
50 69
6
-26 -24
39 76
-14 40
83 95
-85 -9
11 37
-65 50
57 65
71 -78
1 35
-9 -28
90 51
4
-58 -85
0 45
63 75
55 92
-1 42
69 30
-36 15
79 70
1
-37 -61
90 94
6
9 93
7 15
99 -14
87 80
-47 -2
91 17
-8 -22
98 54
59 -69
84 21
-79 -91
89 6
7
-5 31
60 57
66 -10
51 2
-26 67
97 53
69 -82
19 85
45 39
91 37
52 -31
6 96
59 -82
53 87
6
25 -74
22 74
70 55
89 71
9 97
68 30
66 37
93 91
42 -3
81 92
21 52
83 7
1
-70 -45
99 98
1
-7 -41
68 32
3
3 47
90 9
-72 -96
4 37
-36 -65
33 30
1
-11 -35
60 90
1
-28 75
65 98
3
30 42
67 93
-63 -95
9 59
-6 -22
36 71
3
11 13
55 27
-22 -40
96 67
-6 88
63 68
5
-36 -38
19 88
-11 83
78 88
-48 -51
14 69
-48 -55
15 36
7 -7
31 99
5
-14 58
45 61
9 10
14 65
15 -12
94 51
63 -5
11 62
-57 -30
77 69
2
-69 20
66 82
-36 46
66 36
4
33 -31
32 38
45 -98
43 21
-19 4
38 43
43 -10
35 97
4
41 21
45 27
-52 97
3 72
38 -29
71 99
50 4
14 99
3
83 63
64 16
-1 61
17 79
-1 35
71 12
6
-89 -17
48 28
-18 21
57 7
-12 -63
27 71
2 -43
27 85
-52 10
3 75
-86 85
66 77
6
93 11
20 69
86 67
49 20
-80 -84
24 58
55 3
19 91
30 17
13 19
91 16
85 69
4
46 37
57 47
1 52
65 59
-86 97
92 63
74 57
0 10
5
-12 62
57 27
67 -82
28 72
58 1
19 79
24 92
6 49
-18 -30
97 98
3
86 54
15 16
-14 50
1 57
-36 51
13 17
5
66 27
9 33
92 22
79 35
-18 -80
80 77
-45 59
3 75
-6 3
24 94
2
-72 60
95 66
-12 40
41 62
4
29 -9
18 70
74 44
23 15
-95 48
80 94
-18 85
43 43
2
-29 -12
32 72
-2 72
35 83
6
-58 -8
72 8
-27 32
70 68
-39 83
62 75
30 -17
13 99
-62 26
28 87
32 -74
43 66
7
-71 -69
29 55
-14 -38
10 43
44 97
55 28
86 -68
38 9
-75 -8
52 84
70 50
0 0
63 -55
23 19
4
-46 25
79 44
38 -87
98 57
70 -65
17 91
66 49
88 54
1
-26 -60
54 50
7
-40 41
53 70
-19 -11
6 9
51 90
18 68
92 39
87 14
80 -86
97 66
-68 79
11 97
14 77
27 51
5
2 9
16 61
27 -6
64 73
-57 -11
6 60
52 -91
29 82
28 -12
36 78
5
-85 -51
19 62
82 34
33 78
-2 -12
22 4
-57 -96
50 74
-91 -30
7 9
7
18 28
21 3
-25 -31
73 82
-49 70
25 48
-13 87
18 2
61 -66
42 83
0 -14
77 21
9 52
89 53
4
19 65
82 53
-85 98
28 96
-12 7
76 62
39 -86
33 5
0
