479.644948 0.000000 0
435.508080 13.000000 1
479.644948 17.000000 2
345.166867 30.000000 3
386.131847 2.000000 4
336.862686 15.000000 5
386.131847 19.000000 6
214.848784 32.000000 7
460.855344 55.000000 8
415.479735 68.000000 9
460.255517 72.000000 10
165.614009 85.000000 11
367.342244 57.000000 12
316.834342 70.000000 13
366.742416 74.000000 14
0.000000 87.000000 15
444.349022 41.000000 16
400.212154 54.000000 17
444.349022 58.000000 18
309.870941 71.000000 19
191.911235 43.000000 20
142.042247 56.000000 21
190.672494 60.000000 22
393.886728 96.000000 24
348.511119 109.000000 25
388.154608 113.000000 26
0.000000 126.000000 27
51.107729 98.000000 28
Forest 1
Cut these trees: 3 4 5
Extra wood: 46.89
